8476
8473
8463
8462
8460
8455
8448
8445
8430
8428
8425
8423
8421
8412
8411
8410
8408
8403
8402
8401
8400
8399
8391
8364
8357
8349
8345
8341
8338
8312
8311
8300
8296
8294
8292
8288
8286
8284
8283
8280
8277
8275
8271
8261
8249
8245
8241
8238
8236
8228
8227
8225
8222
8220
8217
8207
8202
8189
8184
8168
8167
8162
8152
8149
8148
8141
8140
8135
8128
8124
8123
8121
8118
8110
8108
8105
8097
8090
8072
8068
8043
8021
8017
8015
8011
7996
7984
7983
7962
7959
7957
7953
7949
7940
7936
7935
7934
7929
7919
7915
7913
7910
7909
7908
7901
7895
7894
7890
7884
7880
7876
7875
7865
7860
7852
7836
7831
7816
7787
7781
7771
7754
7752
7749
7745
7733
7730
7720
7716
7714
7712
7710
7709
7708
7706
7704
7703
7700
7691
7680
7678
7675
7674
7660
7658
7647
7646
7639
7633
7632
7631
7620
7618
7617
7616
7614
7613
7612
7611
7607
7593
7589
7585
7583
7570
7569
7564
7559
7546
7536
7529
7528
7516
7506
7499
7496
7495
7491
7490
7487
7486
7485
7484
7483
7476
7473
7465
7455
7454
7446
7445
7440
7437
7434
7429
7425
7424
7422
7418
7417
7416
7414
7413
7412
7408
7407
7404
7403
7397
7395
7384
7370
7366
7363
7353
7350
7347
7341
7336
7334
7333
7328
7324
7323
7320
7318
7313
7312
7302
7301
7300
7298
7294
7293
7290
7289
7281
7280
7278
7274
7273
7271
7270
7267
7265
7261
7259
7255
7245
7228
7194
7191
7190
7184
7177
7169
7157
7155
7153
7149
7139
7135
7129
7128
7125
7122
7121
7117
7108
7099
7092
7085
7084
7082
7081
7078
7077
7073
7072
7067
7065
7064
7059
7056
7052
7047
7045
7044
7038
7035
7032
7028
7027
7024
7022
7021
7018
7013
7011
7010
7006
6999
6996
6995
6993
6990
6983
6981
6978
6977
6975
6968
6964
6963
6954
6951
6938
6934
6929
6926
6924
6923
6921
6907
6901
6899
6898
6891
6890
6877
6875
6870
6857
6853
6851
6850
6849
6835
6832
6817
6814
6813
6809
6808
6807
6801
6797
6796
6793
6789
6788
6786
6784
6778
6775
6772
6770
6767
6765
6764
6754
6751
6749
6744
6740
6736
6713
6711
6704
6697
6696
6694
6692
6687
6685
6676
6663
6660
6658
6657
6656
6654
6652
6647
6645
6641
6638
6637
6634
6633
6631
6630
6626
6625
6623
6615
6613
6610
6608
6605
6600
6595
6578
6577
6570
6569
6568
6556
6553
6547
6541
6537
6536
6534
6532
6531
6525
6523
6522
6519
6517
6516
6513
6507
6506
6499
6493
6491
6487
6485
6483
6480
6475
6473
6469
6468
6451
6433
6431
6430
6423
6421
6417
6409
6407
6399
6398
6395
6391
6389
6386
6385
6383
6381
6380
6374
6371
6368
6365
6363
6359
6358
6357
6354
6352
6346
6341
6339
6337
6327
6323
6302
6301
6298
6297
6293
6291
6289
6284
6281
6271
6268
6258
6251
6246
6243
6241
6238
6233
6232
6229
6228
6216
6211
6209
6204
6201
6195
6193
6192
6191
6187
6185
6183
6175
6174
6172
6169
6167
6164
6161
6159
6155
6154
6152
6149
6146
6143
6140
6139
6137
6129
6128
6126
6125
6123
6121
6120
6118
6114
6111
6110
6108
6107
6095
6091
6089
6085
6076
6067
6065
6053
6051
6050
6048
6045
6044
6036
6033
6026
6025
6017
6015
6013
6012
6011
6010
6008
5983
5982
5969
5964
5959
5958
5954
5953
5943
5942
5937
5935
5932
5930
5929
5927
5922
5920
5918
5917
5916
5913
5906
5903
5898
5894
5891
5890
5884
5881
5869
5868
5865
5857
5855
5833
5825
5824
5823
5822
5819
5815
5791
5790
5789
5772
5771
5769
5768
5766
5755
5753
5750
5742
5736
5735
5729
5720
5719
5717
5712
5708
5706
5705
5703
5697
5696
5694
5685
5682
5668
5666
5660
5657
5654
5653
5648
5646
5645
5644
5641
5640
5636
5634
5633
5630
5629
5628
5614
5610
5607
5605
5603
5600
5599
5596
5595
5592
5591
5590
5587
5582
5579
5578
5576
5575
5573
5570
5567
5563
5562
5561
5559
5553
5547
5542
5540
5539
5535
5532
5531
5529
5525
5524
5519
5517
5514
5513
5511
5509
5496
5489
5466
5453
5417
5416
5414
5409
5407
5405
5402
5400
5396
5395
5393
5373
5372
5371
5359
5357
5351
5350
5347
5342
5339
5338
5337
5334
5333
5329
5328
5325
5323
5318
5317
5304
5302
5296
5295
5290
5289
5284
5278
5277
5276
5273
5272
5271
5268
5266
5264
5262
5260
5258
5249
5247
5245
5244
5242
5241
5240
5239
5237
5223
5221
5219
5216
5213
5212
5211
5204
5198
5196
5193
5179
5172
5168
5163
5160
5159
5158
5147
5120
5119
5101
5073
5061
5057
5056
5048
5032
5018
5014
5011
5007
4995
4987
4986
4985
4975
4970
4965
4961
4954
4943
4942
4939
4937
4936
4935
4933
4932
4926
4924
4920
4919
4916
4912
4909
4908
4907
4903
4902
4900
4899
4898
4897
4895
4892
4891
4887
4885
4884
4883
4881
4879
4878
4866
4864
4860
4856
4854
4846
4845
4842
4841
4838
4833
4828
4824
4817
4815
4812
4788
4787
4786
4784
4783
4777
4776
4772
4768
4767
4765
4764
4760
4756
4753
4750
4744
4743
4738
4736
4727
4725
4724
4723
4722
4720
4719
4713
4709
4699
4698
4693
4692
4689
4685
4684
4681
4680
4679
4678
4677
4674
4673
4672
4671
4670
4668
4667
4664
4663
4662
4661
4660
4659
4658
4657
4655
4653
4652
4651
4650
4649
4644
4643
4642
4641
4638
4637
4636
4635
4634
4633
4632
4629
4628
4627
4624
4623
4607
4605
4604
4600
4599
4597
4594
4592
4590
4589
4588
4585
4584
4579
4578
4576
4575
4572
4571
4570
4566
4565
4564
4563
4561
4559
4557
4555
4549
4543
4540
4538
4536
4534
4533
4532
4530
4526
4525
4519
4516
4515
4510
4507
4506
4503
4501
4500
4499
4498
4496
4494
4493
4492
4491
4489
4488
4486
4485
4480
4479
4478
4477
4476
4473
4471
4469
4468
4465
4464
4462
4458
4456
4454
4452
4449
4447
4446
4442
4441
4437
4435
4434
4433
4430
4428
4425
4423
4420
4419
4412
4410
4409
4408
4405
4404
4401
4398
4383
4379
4378
4374
4371
4370
4364
4356
4335
4327
4320
4319
4318
4314
4313
4312
4311
4310
4309
4305
4304
4303
4301
4300
4299
4298
4297
4296
4295
4294
4293
4292
4288
4285
4283
4282
4279
4277
4276
4275
4271
4270
4266
4265
4264
4263
4262
4261
4259
4257
4256
4254
4253
4248
4247
4246
4245
4243
4241
4240
4239
4236
4235
4234
4230
4229
4228
4225
4223
4222
4221
4220
4217
4216
4212
4211
4209
4208
4207
4206
4205
4201
4199
4198
4196
4193
4192
4191
4190
4189
4188
4187
4185
4184
4182
4181
4180
4179
4178
4177
4176
4174
4173
4171
4170
4169
4167
4166
4165
4164
4163
4161
4159
4158
4157
4156
4154
4152
4150
4149
4146
4145
4144
4143
4142
4141
4137
4135
4134
4132
4131
4130
4127
4126
4123
4121
4119
4116
4115
4114
4110
4106
4105
4104
4101
4100
4099
4098
4097
4096
4095
4094
4093
4092
4090
4089
4088
4087
4085
4084
4082
4078
4077
4075
4073
4070
4069
4067
4059
4056
4055
4051
4049
4048
4045
4044
4043
4039
4037
4036
4033
4032
4028
4026
4024
4022
4020
4019
4015
4012
4010
4001
4000
3999
3998
3997
3996
3995
3993
3992
3991
3988
3985
3972
3969
3965
3963
3962
3957
3952
3951
3950
3947
3945
3941
3940
3939
3938
3937
3936
3935
3934
3933
3932
3931
3929
3928
3927
3925
3924
3921
3917
3913
3909
3907
3903
3902
3899
3898
3897
3896
3895
3893
3888
3887
3885
3882
3881
3880
3879
3878
3877
3876
3874
3873
3872
3871
3870
3869
3868
3861
3860
3858
3857
3854
3852
3851
3850
3848
3847
3844
3843
3842
3841
3840
3839
3837
3836
3834
3833
3831
3830
3829
3828
3827
3826
3825
3823
3822
3821
3816
3811
3810
3807
3806
3805
3804
3803
3802
3798
3796
3794
3793
3792
3791
3787
3786
3784
3780
3779
3777
3776
3775
3770
3768
3767
3766
3765
3764
3763
3762
3761
3759
3758
3757
3755
3753
3752
3751
3750
3749
3748
3747
3746
3744
3739
3733
3732
3730
3729
3728
3727
3726
3725
3724
3722
3721
3718
3717
3716
3714
3713
3712
3709
3708
3707
3705
3704
3701
3699
3698
3694
3692
3690
3687
3686
3685
3683
3678
3677
3676
3675
3674
3673
3672
3671
3670
3669
3667
3665
3662
3660
3659
3652
3649
3648
3645
3644
3643
3641
3640
3639
3634
3633
3632
3629
3625
3623
3622
3621
3619
3618
3617
3616
3612
3610
3608
3607
3606
3605
3599
3598
3597
3596
3594
3592
3590
3589
3588
3587
3585
3582
3578
3577
3575
3574
3573
3572
3571
3568
3566
3565
3564
3559
3558
3557
3556
3555
3552
3541
3540
3537
3536
3535
3533
3524
3522
3521
3518
3517
3514
3513
3511
3510
3507
3506
3505
3500
3499
3497
3496
3495
3494
3491
3489
3487
3486
3479
3476
3472
3471
3469
3468
3467
3466
3464
3463
3462
3458
3456
3455
3454
3452
3451
3447
3446
3444
3443
3442
3441
3438
3436
3435
3434
3433
3432
3430
3428
3427
3426
3424
3423
3422
3421
3418
3417
3416
3415
3414
3413
3412
3408
3406
3405
3404
3399
3397
3396
3394
3393
3392
3390
3388
3387
3385
3384
3383
3381
3379
3373
3372
3371
3370
3369
3367
3366
3365
3361
3359
3358
3357
3354
3353
3352
3351
3348
3346
3344
3343
3342
3340
3338
3337
3336
3335
3334
3333
3332
3331
3330
3325
3324
3323
3322
3321
3320
3317
3313
3310
3308
3304
3303
3301
3299
3298
3297
3296
3295
3294
3289
3288
3285
3284
3280
3279
3278
3276
3274
3273
3270
3269
3268
3264
3262
3259
3257
3256
3252
3249
3245
3244
3243
3242
3237
3234
3233
3232
3231
3225
3223
3222
3219
3218
3217
3216
3213
3212
3211
3209
3208
3203
3201
3200
3198
3197
3196
3187
3186
3185
3182
3181
3180
3179
3177
3176
3174
3173
3169
3167
3166
3165
3163
3161
3159
3158
3157
3155
3151
3150
3148
3146
3145
3141
3139
3138
3136
3135
3132
3130
3121
3116
3113
3112
3109
3108
3107
3105
3103
3099
3098
3097
3094
3092
3089
3083
3080
3079
3078
3074
3070
3067
3064
3063
3062
3061
3059
3053
3046
3045
3037
3034
3033
3032
3029
3028
3027
3025
3024
3022
3021
3020
3016
3012
3011
3009
3008
3006
3005
3004
3003
2998
2997
2996
2995
2993
2991
2990
2985
2984
2982
2981
2980
2976
2975
2974
2973
2972
2970
2969
2968
2967
2962
2961
2958
2956
2953
2952
2951
2947
2944
2942
2935
2934
2931
2926
2924
2921
2920
2919
2918
2917
2916
2914
2913
2910
2907
2906
2905
2904
2902
2901
2900
2899
2898
2897
2894
2892
2890
2889
2887
2886
2885
2884
2883
2881
2880
2879
2877
2875
2873
2870
2869
2868
2867
2865
2864
2863
2862
2860
2858
2857
2856
2855
2854
2853
2852
2851
2850
2848
2847
2842
2841
2840
2839
2833
2832
2831
2830
2829
2828
2826
2825
2824
2823
2822
2821
2817
2815
2813
2812
2810
2809
2807
2806
2805
2804
2803
2802
2801
2799
2798
2797
2795
2793
2792
2791
2789
2788
2787
2786
2783
2781
2780
2777
2776
2775
2773
2772
2771
2770
2769
2768
2767
2766
2765
2763
2762
2761
2760
2759
2758
2757
2756
2755
2754
2749
2748
2747
2746
2745
2744
2742
2741
2740
2739
2738
2737
2736
2735
2734
2733
2731
2730
2727
2726
2724
2722
2721
2720
2717
2716
2715
2713
2708
2707
2706
2705
2704
2702
2701
2699
2697
2696
2692
2690
2689
2686
2684
2683
2682
2680
2678
2677
2674
2672
2671
2668
2665
2664
2663
2662
2660
2659
2658
2657
2655
2652
2651
2650
2649
2648
2647
2646
2645
2643
2642
2641
2638
2636
2635
2634
2633
2628
2626
2625
2624
2623
2622
2621
2620
2618
2614
2613
2611
2609
2608
2607
2606
2605
2604
2603
2600
2599
2596
2595
2592
2590
2589
2586
2585
2584
2580
2578
2577
2576
2572
2571
2570
2569
2566
2565
2563
2562
2561
2560
2559
2558
2557
2556
2555
2554
2553
2550
2545
2544
2541
2539
2538
2534
2533
2530
2527
2526
2525
2524
2521
2519
2518
2516
2514
2509
2506
2503
2500
2499
2497
2496
2495
2494
2493
2492
2491
2490
2489
2488
2481
2480
2479
2478
2477
2475
2474
2473
2472
2470
2468
2463
2461
2460
2457
2454
2453
2452
2450
2448
2447
2446
2444
2443
2442
2441
2440
2437
2435
2434
2433
2431
2430
2429
2427
2424
2423
2420
2419
2416
2412
2411
2409
2405
2403
2402
2401
2400
2397
2394
2393
2392
2391
2390
2389
2388
2386
2385
2384
2383
2382
2380
2379
2378
2377
2375
2374
2373
2372
2371
2370
2369
2368
2364
2363
2361
2360
2359
2358
2357
2356
2355
2354
2351
2350
2349
2347
2343
2341
2339
2338
2337
2336
2334
2333
2332
2331
2326
2324
2323
2322
2321
2319
2317
2315
2314
2311
2309
2308
2306
2305
2304
2302
2301
2297
2294
2293
2287
2286
2285
2284
2282
2278
2276
2274
2273
2272
2271
2269
2268
2266
2265
2264
2263
2262
2260
2259
2258
2254
2253
2250
2247
2246
2245
2241
2240
2239
2238
2234
2233
2228
2224
2223
2222
2220
2216
2215
2214
2213
2211
2208
2205
2204
2203
2202
2201
2199
2197
2196
2195
2194
2192
2189
2188
2187
2184
2183
2182
2181
2180
2178
2176
2175
2174
2173
2172
2169
2167
2166
2165
2162
2161
2160
2159
2157
2156
2155
2153
2151
2150
2146
2143
2142
2141
2140
2139
2136
2135
2134
2133
2132
2130
2129
2127
2126
2125
2120
2119
2117
2116
2115
2113
2111
2110
2109
2108
2107
2106
2105
2103
2102
2101
2100
2098
2094
2093
2088
2087
2085
2084
2083
2082
2081
2080
2078
2077
2076
2075
2074
2073
2071
2070
2067
2062
2061
2060
2059
2058
2055
2054
2050
2048
2047
2045
2044
2043
2042
2041
2040
2038
2036
2035
2033
2032
2031
2028
2027
2026
2025
2024
2023
2022
2021
2020
2019
2017
2016
2015
2014
2013
2010
2009
2006
2004
2002
2001
2000
1999
1998
1997
1996
1995
1994
1993
1991
1990
1989
1988
1987
1985
1982
1980
1979
1978
1977
1975
1973
1969
1968
1967
1964
1955
1953
1948
1947
1944
1941
1939
1937
1934
1933
1929
1927
1926
1925
1924
1922
1921
1919
1917
1914
1910
1909
1908
1907
1906
1905
1903
1900
1896
1894
1892
1891
1890
1889
1887
1885
1883
1882
1881
1878
1874
1870
1869
1864
1862
1859
1858
1857
1856
1853
1852
1849
1848
1847
1846
1845
1843
1841
1839
1834
1831
1828
1827
1825
1824
1823
1821
1820
1819
1816
1815
1814
1812
1801
1800
1799
1798
1794
1793
1791
1789
1786
1784
1783
1781
1779
1777
1776
1773
1772
1771
1767
1766
1764
1761
1760
1759
1758
1757
1756
1755
1753
1752
1749
1748
1745
1744
1742
1741
1739
1737
1736
1734
1731
1730
1729
1727
1724
1721
1720
1718
1716
1714
1712
1711
1710
1709
1707
1706
1705
1703
1698
1697
1696
1695
1694
1693
1686
1684
1679
1676
1674
1668
1666
1663
1659
1657
1653
1652
1649
1647
1646
1645
1644
1643
1642
1639
1636
1635
1633
1632
1631
1629
1627
1626
1625
1624
1623
1620
1619
1618
1614
1611
1605
1603
1601
1599
1598
1597
1596
1595
1594
1593
1589
1588
1587
1584
1582
1578
1577
1573
1571
1570
1569
1567
1563
1562
1559
1558
1557
1556
1555
1554
1553
1550
1547
1545
1544
1543
1542
1541
1540
1539
1538
1537
1536
1534
1530
1528
1526
1525
1524
1523
1522
1521
1517
1516
1515
1513
1512
1509
1508
1507
1505
1504
1503
1502
1499
1493
1490
1489
1483
1482
1480
1477
1470
1468
1467
1466
1464
1461
1456
1455
1454
1452
1447
1446
1444
1440
1437
1434
1420
1417
1416
1415
1414
1413
1409
1408
1407
1405
1403
1401
1400
1396
1395
1394
1392
1391
1389
1387
1386
1384
1383
1382
1381
1380
1379
1377
1372
1371
1370
1369
1368
1366
1365
1360
1357
1350
1348
1347
1345
1344
1341
1338
1337
1336
1335
1332
1331
1329
1327
1325
1319
1318
1317
1316
1315
1314
1313
1312
1310
1309
1308
1307
1304
1303
1299
1296
1292
1287
1272
1269
1266
1265
1260
1258
1255
1254
1253
1252
1251
1250
1248
1247
1241
1238
1237
1231
1230
1227
1226
1225
1224
1223
1222
1220
1219
1214
1213
1212
1211
1206
1205
1204
1203
1202
1201
1198
1197
1195
1194
1193
1186
1185
1184
1181
1180
1179
1178
1177
1176
1175
1174
1173
1172
1163
1162
1161
1160
1159
1157
1156
1155
1149
1148
1147
1143
1142
1140
1139
1134
1133
1131
1127
1123
1122
1121
1119
1117
1112
1111
1110
1108
1106
1105
1103
1102
1100
1098
1097
1096
1093
1091
1090
1087
1086
1085
1072
1066
1063
1060
1056
1055
1054
1053
1052
1051
1049
1048
1047
1046
1042
1041
1040
1036
1033
1031
1030
1029
1028
1027
1026
1025
1024
1023
1020
1017
1016
1014
1012
1011
1009
1007
1002
1000
998
993
992
991
990
988
987
986
985
984
982
978
977
976
973
970
969
968
967
966
965
963
962
961
960
959
956
955
953
949
948
947
940
936
935
934
933
932
931
930
929
924
923
919
917
915
914
908
907
906
905
900
899
898
894
893
892
891
889
888
885
883
881
878
877
875
873
871
870
869
868
867
866
865
863
862
861
860
859
858
857
855
854
853
852
850
844
834
833
832
831
830
829
828
826
825
823
822
821
820
816
815
814
813
811
810
808
807
806
804
803
802
801
799
797
796
795
794
792
791
790
789
788
787
785
779
778
776
775
774
772
771
767
766
764
763
762
761
760
756
755
754
753
752
751
750
748
745
744
743
742
741
740
739
738
737
735
734
733
732
731
728
727
726
724
722
721
720
719
715
712
710
709
708
706
703
698
696
695
694
692
691
688
687
686
685
684
681
679
678
677
676
675
674
672
671
670
669
668
666
665
662
659
658
657
655
654
653
652
651
650
649
647
646
645
644
642
640
639
638
637
636
635
634
633
632
631
630
628
625
624
623
621
619
618
616
615
613
610
609
607
602
601
600
596
595
592
591
590
587
585
584
583
582
579
578
575
573
571
567
565
564
563
556
553
551
550
549
548
544
543
542
541
540
539
535
532
528
526
524
523
522
521
520
519
518
516
515
514
513
511
509
506
503
501
500
499
498
496
495
494
493
492
491
488
487
486
485
482
479
477
476
474
473
472
471
470
469
467
466
465
463
462
461
460
459
458
457
455
453
442
437
436
433
432
431
430
429
427
426
425
424
423
422
421
420
419
418
417
374
373
372
371
370
369
367
366
365
364
363
361
360
358
357
356
355
353
351
350
349
348
347
346
345
344
343
342
341
340
339
338
337
336
334
333
332
331
330
329
328
323
322
314
313
311
309
308
307
306
305
303
302
301
300
294
293
292
290
288
285
284
283
281
280
279
278
277
276
275
273
271
270
269
268
266
265
264
263
262
261
260
259
258
257
254
253
252
249
248
247
245
244
241
240
239
238
237
236
234
233
232
230
229
227
224
223
222
221
220
218
217
216
215
213
212
211
210
209
207
206
205
204
203
202
201
200
198
197
196
194
193
191
190
189
188
185
184
180
179
178
176
175
174
172
171
170
168
167
165
164
163
162
160
159
158
157
156
155
154
152
150
149
147
146
145
144
143
142
139
137
135
133
132
131
130
129
128
123
122
119
116
115
114
112
111
110
109
108
107
106
104
103
102
101
99
98
97
93
92
84
82
79
76
75
72
71
69
67
64
63
59
58
57
55
54
51
50
49
45
43
42
39
37
36
35
33
29
28
25
24
23
20
19
18
17
15
14
12
10
9
6
5
4
2
